69
101
128
156
28
146
82
75
135
35
4
30
83
1
49
27
36
66
62
161
60
15
18
144
46
67
106
87
162
26
5
57
3
95
115
91
145
12
96
140
38
147
126
71
124
110
125
58
16
17
165
149
11
23
123
121
42
137
98
55
43
90
131
50
2
93
88
160
113
164
33
133
86
163
7
154
80
54
129
119
13
130
114
65
20
31
79
39
9
107
53
32
78
100
136
157
24
19
139
64
77
122
141
103
112
148
132
84
159
72
118
109
70
61
127
105
47
94
48
150
138
104
34
56
0
74
59
40
158
44
41
37
111
153
134
68
117
10
73
63
76
45
99
92
108
25
120
102
151
14
155
142
89
22
116
6
29
85
143
81
97
52
152
8
51
21
